300
19.02766 54.039637 80
19.395545 54.161051 60
19.110263 54.329079 65
20.121063 53.48623 55
18.920837 53.736079 85
19.925863 53.911757 40
19.926239 53.910367 55
19.821815 54.381441 29
22.81611 54.249594 68
21.741713 54.210365 30
21.749244 54.032232 75
21.78076 54.003574 62
21.376734 54.074239 53
18.730988 53.646112 21
18.730988 53.646112 21
18.604798 53.010283 69
18.602502 53.011421 43
19.684798 52.545105 47
19.631906 52.863042 39
20.19367 52.385502 21
19.961076 53.703227 39
19.40021 53.25816 37
20.619073 52.884463 44
20.802486 52.592128 36
21.494159 54.080439 89
20.583178 54.125827 49
19.680418 54.357694 39
21.147908 54.048417 42
21.217884 54.024681 69
21.217884 54.024681 69
19.683195 54.356772 41
19.395871 54.159576 29
20.477586 53.776151 47
21.32637 53.857695 57
20.379861 53.765466 64
20.481745 53.774884 50
20.481745 53.774884 50
20.910495 54.087548 42
20.953057 53.861503 19
21.032211 53.892744 15
21.032211 53.892744 15
23.350992 54.10555 28
23.040464 54.02122 82
22.928454 54.096474 51
23.412576 53.890147 54
22.980974 53.84279 47
22.980974 53.84279 47
22.991845 53.841229 41
23.495986 53.404828 37
22.810749 53.583581 78
22.664373 53.473753 64
21.568777 53.801876 78
21.808002 53.627935 41
21.808002 53.627935 41
20.989543 53.566478 52
18.614025 53.186376 26
22.363043 53.826422 71
22.341414 53.818723 26
22.313177 54.308021 61
22.563287 54.286774 52
22.332999 54.326622 47
19.526347 53.781313 37
19.859965 53.293955 44
19.499321 54.162843 46
21.430603 53.687386 41
21.840261 52.694332 35
21.568795 53.086388 41
19.700833 52.536719 65
20.676426 52.439858 78
20.668451 52.439931 58
21.074501 52.509186 66
21.094724 52.703824 33
21.090704 52.7062 41
21.39948 52.890758 22
21.77928 54.036386 67
22.509016 54.036584 36
22.504378 54.046827 38
22.005604 53.618545 59
21.44821 54.003979 52
21.469088 54.304394 31
21.138196 53.841895 52
21.684869 54.132252 29
21.546017 53.938704 47
21.34773 54.213773 48
22.102642 54.122122 31
21.488785 53.71186 46
21.653496 54.109921 34
21.672674 54.174216 28
21.621973 54.100723 23
21.621973 54.100723 23
21.601387 54.08019 20
21.930094 54.141479 21
21.785456 53.684637 17
21.568205 53.66193 15
21.484303 53.667438 35
21.484303 53.667438 35
21.464036 53.655193 10
23.08701 54.069035 37
21.601155 53.757077 38
21.400717 54.109828 48
22.184113 53.923069 22
22.654808 54.29736 59
21.540462 54.214642 23
22.021532 54.30976 21
21.502343 53.610526 61
21.853704 54.149745 56
21.853704 54.149745 56
21.573513 53.799094 62
21.523766 54.030609 31
22.582943 54.295857 53
21.649792 54.182073 21
21.593774 54.208022 45
21.512318 54.081267 39
19.032436 54.037032 32
19.375379 53.76725 37
19.281754 53.67369 42
20.130754 54.115563 38
20.130754 54.115563 38
20.117624 54.112501 26
20.487135 54.285402 21
20.577094 54.126087 38
20.737136 53.993493 32
19.749036 53.505813 41
20.60146 53.576101 41
20.284528 53.591218 39
19.38708 53.358915 44
20.429535 53.3595 49
20.881221 53.022044 27
21.102937 52.862936 23
19.049571 53.115381 67
19.054934 53.114257 29
18.898937 53.152719 39
18.92203 53.736992 22
19.990541 52.737626 14
20.114821 52.782533 27
19.886017 52.96614 23
18.42997 53.349157 43
18.428453 53.350523 29
21.944529 52.457079 51
21.892713 52.80164 32
21.892767 52.807562 31
20.839954 52.68527 35
19.196857 53.75806 27
19.195322 53.759472 12
19.345412 53.923035 24
18.96755 54.333664 59
19.451324 54.384503 68
19.911379 53.067787 10
18.956785 53.279728 9
22.865049 52.429095 21
22.863024 52.430241 1
23.00614 52.416654 28
22.486525 52.682745 38
22.65813 52.394152 60
22.65923 52.395282 60
22.507676 52.920339 20
22.244336 52.981533 25
22.252045 52.989251 25
22.761535 52.640691 25
23.23862 52.677914 3
23.048965 52.653426 20
23.048965 52.653426 20
23.042525 52.650432 20
22.841675 52.742362 23
22.841804 52.743531 16
22.841804 52.743531 16
23.192272 52.770847 28
23.190095 52.770888 28
23.190095 52.770888 28
23.193235 52.773586 28
23.193235 52.773586 28
23.609885 52.748839 19
23.582504 52.738867 28
23.846787 52.703453 57
23.193235 52.773586 28
23.359638 52.546907 10
23.234195 52.35797 15
23.005045 52.340121 5
22.990545 52.349916 5
22.512515 52.539563 6
22.158915 52.703292 12
22.035685 52.697791 17
21.585563 52.626686 13
21.550585 52.605957 7
21.460762 52.59384 25
21.450592 52.589878 11
21.424889 52.595823 10
21.241364 52.535617 14
21.191965 52.535561 15
21.077256 52.515417 17
21.083293 52.557202 19
21.595456 52.760242 15
21.571158 53.084818 16
20.37418 52.622109 27
19.257486 52.786067 18
19.182019 52.845088 38
18.940842 52.944959 9
18.704534 52.996179 17
21.874589 53.227959 20
22.076015 53.157612 15
22.073995 53.169196 23
20.382245 53.111748 11
20.178865 53.232923 21
20.182239 53.234587 36
20.945725 53.400099 26
19.405068 53.068178 44
19.646486 53.196734 18
20.895813 53.257179 13
21.346576 53.382122 26
22.309529 53.288745 33
22.489595 53.212479 22
22.155546 53.379569 19
23.839806 52.90224 17
23.838776 52.902337 10
23.342816 53.20679 24
23.165195 53.130593 74
23.149735 53.118368 88
23.068665 53.16293 32
23.14488 53.134503 53
23.16312 53.132373 52
22.770695 53.213039 38
22.786725 53.402641 27
22.733729 53.491116 20
22.456836 53.647338 24
23.273336 53.309294 47
23.77181 53.262887 38
23.591379 53.39067 47
23.594625 53.392792 57
23.813775 53.177687 76
23.818725 53.181759 56
23.772985 53.264519 13
23.518321 52.912429 68
23.520295 52.914972 43
23.606211 52.938981 27
23.401152 52.913105 45
23.447016 52.939676 43
23.322071 52.941584 35
22.947596 54.10128 24
22.927845 54.098632 32
22.927916 54.104304 12
22.883381 54.183293 21
22.866735 54.368282 34
22.792056 54.363143 15
22.695185 54.355346 25
23.175559 54.249432 56
23.193721 54.214188 51
23.279489 54.159226 26
23.20986 54.113944 37
23.206558 54.114878 31
23.438092 54.104403 10
23.357495 54.041319 15
23.355193 54.036583 13
23.452486 54.025666 15
23.428795 52.65418 34
23.443155 52.64056 17
23.397959 53.735244 36
23.352137 53.645956 29
23.347207 53.651839 31
23.547557 53.629474 12
23.106742 53.577867 16
23.106457 53.578529 29
22.904083 53.550082 21
22.903355 53.548789 15
23.091213 53.444754 27
23.096448 53.440753 48
22.698385 53.730964 37
22.686317 53.7327 67
22.669185 53.73547 21
22.819588 53.771337 15
23.64644 53.514401 33
22.916794 53.311791 38
22.989065 53.142104 25
22.889467 52.988613 27
22.544974 52.866335 17
23.664989 53.094721 15
23.339424 53.014971 26
23.338777 53.01359 15
23.141358 53.018412 12
22.94735 52.942843 26
23.073391 52.910239 34
22.957307 52.573429 16
23.12756 52.520095 23
23.135642 52.52062 27
23.082293 52.457322 21
22.877556 52.615565 13
21.733712 53.03102 36 
21.758637 52.950062 37
21.018643 52.616157 32
20.785875 53.153158 31
20.284058 52.818716 21
19.991858 52.630627 27
19.993677 52.636138 21
19.135526 53.386821 66
19.088135 53.518543 51
19.082898 53.517952 51
18.747693 53.490751 46
19.551054 53.609012 51
20.235721 53.748102 47
20.692306 53.828924 31
20.691514 53.82877 78

